Nov 29 2023,P,2  5 10 12 15 18 22 26 29 34 38 42 46 49 51 54 58 61 64 68
Nov 30 2023,A,4 11 11 17 19 21 19 16 19 25 30 37 33 35 37 39 48 49 57 56

Nov 30 2023,P,10 12 17 20 26 28 31 28 30 34 37 42 46 46 47 49 52 55 59 66


Dec 01 2023,P, 2  5 12 13 18 21 23 27 29 31 35 36 39 41 43 45 49 61 62 70
    - [ 2  3  7 12 19 21 22 25 27 29 32 35 37 39 43 42 45 54 58 68]

 Dec 02 2023,A,7  8 12 14 17 23 25 27 31 34 39 45 52 53 56 58 59 63 65 66,
    19/19 - 0s - loss: 1.5371 - accuracy: 0.0686 - 130ms/epoch - 7ms/step
    Test Loss: 1.537054419517517, Test Accuracy: 0.06856187433004379
    duplicates 2:  [ 7 12 14 17 23 25 27 31 34 39 45 52 56 58 63 65]
    Count: 16
    Unique:  [ 9 13 15 18 24 26 28 32 35 40 46 54 57 60 64 67]
    Count: 16
    19/19 - 3s - loss: 1.5482 - accuracy: 0.0853 - 3s/epoch - 134ms/step
    Test Loss: 1.5481897592544556, Test Accuracy: 0.0852842777967453
    duplicates 2:  [ 7 10 13 17 19 27 32 35 39 44 49 53 57 61 64 68]
    Count: 16
    Unique:  [ 8 11 14 18 20 30 33 36 40 45 50 54 58 65]
    Count: 14
    19/19 - 0s - loss: 1.5011 - accuracy: 0.0836 - 130ms/epoch - 7ms/step
    Test Loss: 1.5011253356933594, Test Accuracy: 0.08361203968524933
    The Prediction 1 :
    [ 7  9 13 17 19 27 27 29 32 35 39 45 50 52 56 58 59 63 66 67]
    The Prediction 2 (rounding up) :
    [ 8 10 14 18 20 28 28 30 33 36 40 46 51 53 57 59 60 64 67 68]
    duplicates 2:  [27 28 59 67] 	Count: 4
    Unique:
    [ 7  8  9 10 13 14 17 18 19 20 29 30 32 33 35 36 39 40 45 46 50 51 52 53
    56 57 58 60 63 64 66 68]
    Count: 32
    purchase numbers
        27,28,59 - 1 | 29,56,59,65
